  0.949925110364590       4.943181157357552E-002  6.430780618346945E-004
  0.901136376852849       9.629131089981227E-002  2.572312247338778E-003
  0.853633799464777       0.140578497978710       5.787702556512251E-003
  0.807417378200376       0.182293372810269       1.028924898935511E-002
  0.762487113059643       0.221435935394490       1.607695154586737E-002
  0.718843004042580       0.258006185731371       2.315081022604901E-002
  0.676485051149186       0.292004123820914       3.151082502990004E-002
  0.635413254379461       0.323429749663118       4.115699595742045E-002
  0.595627613733406       0.352283063257984       5.208932300861026E-002
  0.557128129211021       0.378564064605510       6.430780618346943E-002
  0.519914800812304       0.402272753705698       7.781244548199802E-002
  0.483987628537257       0.423409130558547       9.260324090419599E-002
  0.449346612385880       0.441973195164057       0.108680192450063     
  0.415991752358171       0.457964947522228       0.126043300119600     
  0.383923048454133       0.471384387633061       0.144692563912806     
  0.353140500673763       0.482231515496555       0.164627983829682     
  0.323644109017063       0.490506331112710       0.185849559870227     
  0.295433873484033       0.496208834481526       0.208357292034441     
  0.268509794074671       0.499339025603004       0.232151180322325     
  0.242871870788980       0.499896904477143       0.257231224733878     
  0.218520103626957       0.497882471103943       0.283597425269100     
  0.195454492588604       0.493295725483404       0.311249781927992     
  0.173675037673920       0.486136667615526       0.340188294710554     
  0.153181738882906       0.476405297500310       0.370412963616784     
  0.133974596215561       0.464101615137754       0.401923788646684     
  0.116053609671886       0.449225620527861       0.434720769800254     
  9.941877925187965E-002  0.431777313670628       0.468803907077493     
  8.407010495554293E-002  0.411756694566056       0.504173200478401     
  7.000758678287561E-002  0.389163763214146       0.540828650002978     
  5.723122473387767E-002  0.363998519614897       0.578770255651225     
  4.574101880854913E-002  0.336260963768309       0.617998017423142     
  3.553696900688998E-002  0.305951095674382       0.658511935318728     
  2.661907532890022E-002  0.273068915333117       0.700312009337983     
  1.898733777457986E-002  0.237614422744513       0.743398239480908     
  1.264175634392888E-002  0.199587617908570       0.787770625747502     
  7.582331036947299E-003  0.158988500825288       0.833429168137765     
  3.809061853635105E-003  0.115817071494667       0.880373866651698     
  1.321948793992305E-003  7.007332991670798E-002  0.928604721289300     
  1.209918580188951E-004  2.175727609140984E-002  0.978121732050571     
  0.895692193816527       0.101435935394493       2.871870788979833E-003
  0.725510676991386       0.252516936742019       2.197238626659449E-002
  0.573243004042577       0.367770250336884       5.898674562053980E-002
  0.438889174970097       0.447195876179087       0.113914948850816     
  0.322449189773948       0.490793814268629       0.186756995957422     
  0.223923048454131       0.498564064605510       0.277512886940360     
  0.143310751010643       0.470506627189729       0.386182621799627     
  8.061229744348639E-002  0.406621502021288       0.512766200535226     
  3.582768775266029E-002  0.306908689100185       0.657263623147155     
  8.956921938164823E-003  0.171368188426420       0.819674889635415     
